function [ dist_lookup, value ] = getDistance(column, row)
%UNTITLED2 Summary of this function goes here
%   Detailed explanation goes here

   
    dist_tab = {0,124,141,122,74,78,93,108;...
               124,0,21,79,128,147,173,201;...
               141,21,0,81,145,163, 189,220;...
               122,79,81,0,159,177,197,220;...
                74,128,145,159,0,23,49,76;...
                78,147,163,177,23,0,27,54;...
                93,173,189,197,49,27,  0,27;...
               108,201,220,220,76,54,27,0};

    dist_lookup = dist_tab(column+1,row+1);
    dist_lookup = cell2mat(dist_lookup);
    value = dist_lookup;  
end

